theta(D,B,C,A):
 [[-3.29723012e-01 -4.84453301e-05  6.47483981e-03 -4.21270271e-04]
 [-3.06409958e-01 -3.14845920e-05  3.51970772e-03 -2.36178784e-04]
 [-3.63390858e-01 -5.36849855e-05  5.42080197e-03 -3.22164500e-04]
 [-3.42315514e-01 -1.67910305e-05  4.06639287e-03 -2.52650737e-04]
 [-3.13246241e-01  1.35079377e-05  8.64274190e-03 -5.55708636e-04]]
Number of label 0 : 460
Number of label 1 : 205
Number of label 2 : 540
Number of label 3 : 585
Number of label 4 : 460
X_features: (3, 2250)
X_labels: (2250,)
coef_ID function(T,R,Q):
 [[-0.07538652 -0.16798629  0.02627317] 1/2
 [ 0.04318842 -0.24951434 -0.00111771] 1/3
 [-0.04245705 -0.34649457  0.01880834] 1/4
 [-0.05633143  0.24132598 -0.01876554] 1/5
 [ 0.05458913  0.2253457  -0.04472564] 2/3
 [ 0.0601666   0.20345188 -0.03862955] 2/4
 [-0.03055113  0.14436165 -0.05427779] 2/5
 [-0.01195942 -0.23591518  0.02798923] 3/4
 [-0.00280735  0.32142254 -0.00845947] 3/5
 [ 0.02021543  0.1428877  -0.01385068]] 4/5
intercept_ID function(S):
 [ 8.4387248   3.37998739 16.72282594 24.14807339  9.62861827  1.78944618
 51.78167187 -6.80356885 -7.37417206 -0.34880202]
Number_SupportVector:
 [238 101 267 250 121]
SupportVectors:
 [[ 278.   42.  958.]
 [ 281.   58.  961.]
 [ 282.   51. 1071.]
 ...
 [ 296.   50. 1082.]
 [ 284.   43.  995.]
 [ 288.   43.  997.]]
Norm between SupportVector and ID_function:
 [[ 5.59554156  3.83600107  8.385389   ...  6.77695283 -2.75904295
  -1.99658096]
 [ 2.7604208  -0.03001625  2.77052975 ...  3.05039931  2.34991719
   0.30871644]
 [ 6.75098676  1.63682458  7.2224526  ...  7.76866098 -0.83338993
  -2.19485681]
 ...
 [ 6.15256657  2.478682    7.18144031 ...  8.14502576 -1.28716953
  -2.20708598]
 [ 5.94734333  3.80426202  8.48006089 ...  7.50488245 -2.76746499
  -2.24487585]
 [ 5.69834357  3.97478028  8.34784939 ...  7.51302324 -2.79561332
  -2.19171549]]
Norm in class0:
 [[  3.18293709   4.0250362    6.37844375   0.95947737  -5.69859626
   -7.24630412  -0.86202383   5.11811903  -1.85376705  -0.90894965]
 [  6.90872247   6.52987776  11.48821289  -2.59571522 -11.07929398
  -12.04271426  -5.58446514   9.44037722  -5.88575395  -3.39261683]
 [  6.22209043   6.24567345  10.60174686  -2.41348592 -10.40038256
  -11.37360706  -5.50277529   8.93673898  -5.26540508  -3.01961497]
 [  7.06545488   7.53308043  12.3481877   -3.73274388 -11.60669887
  -12.44658854  -6.41796806  10.18832316  -6.90070354  -3.75539006]
 [  5.58423933   4.45297471   8.70712869  -0.45861682  -9.16207841
  -10.34228462  -4.09708071   7.43702851  -3.26646159  -2.22069271]]
Norm in class1:
 [[-0.3185019  -1.21588264 -0.8791339   6.0085573  -1.01106212 -3.01244414
   2.11529301  0.19188941  4.88764676  2.0778413 ]
 [-1.95611744 -3.83276734 -4.34836689  8.72217017  1.39170701 -0.88801825
   4.03050746 -2.32730868  8.16951049  3.54302674]
 [-3.4964612  -5.66059924 -7.21491826 10.35239009  3.2339266   0.82574498
   4.84608495 -4.15051092 10.69582351  4.71158731]
 [-3.4964612  -5.66059924 -7.21491826 10.35239009  3.2339266   0.82574498
   4.84608495 -4.15051092 10.69582351  4.71158731]
 [-3.56150044 -5.36119021 -7.0237308  10.16732593  3.33152387  0.91423702
   4.99683894 -4.09449049 10.42235046  4.67201912]]
Norm in class2:
 [[ 0.91662105 -4.5650359  -2.92451056  6.59364644 -3.97548907 -5.44513329
  -3.2575034   0.83559967  7.93822251  2.11345635]
 [ 1.31639386 -4.82193101 -2.70738496  6.96916611 -4.21357258 -5.72887377
  -2.96564102  0.85137772  7.97198554  2.01986513]
 [ 4.32636687 -0.62672878  3.28190483  2.8666593  -8.2332156  -9.36361103
  -5.55207132  4.95786293  2.48523133 -0.47099318]
 [ 0.55351705 -3.91632321 -2.69744276  6.27977997 -3.45735155 -4.97620535
  -2.66087979  0.76774571  7.43922591  2.13763948]
 [ 0.83565594 -4.00828859 -2.51848694  6.29861513 -3.79015802 -5.28968631
  -2.8711665   0.93161067  7.40254324  2.02795522]]
Norm in class3:
 [[ 0.08923083 -5.9730665  -4.69404701  8.23202302 -2.57513503 -4.2436152
  -1.81643489 -0.60402003  9.64961879  2.89939059]
 [-1.65366475 -5.01542998 -4.92566344  9.97193131  1.43240153 -0.95658765
   4.66054813 -2.85948158  9.14493263  3.74183418]
 [-1.98062576 -5.98818225 -6.05316526 10.58065511  1.67276322 -0.70068633
   4.33899887 -3.36727413 10.29246386  4.11198952]
 [-1.77258604 -5.44372973 -5.44024985 10.0792028   1.36611223 -0.9701644
   4.12828003 -2.96338162  9.66373039  3.87413091]
 [-1.89021995 -5.27880001 -5.47841963  9.72251829  1.27138927 -0.99990486
   3.62613095 -2.81529472  9.59328469  3.85803787]]
Norm in class4:
 [[  4.61208378   4.35761524   7.8194794    0.02655679  -7.78900121
   -9.10848286  -2.85026097   6.54947208  -2.76735269  -1.71244377]
 [  4.82918343   4.56505887   8.18962267  -0.13967222  -8.0242104
   -9.33347177  -2.90979369   6.76935744  -3.07750841  -1.86169621]
 [  4.42035071   5.15896286   8.21526921  -0.85041516  -7.8575687
   -9.09422045  -3.35284218   6.93758653  -3.4298492   -1.85671116]
 [  4.07751216   4.58026358   7.4943441   -0.1425071   -7.24770171
   -8.57587256  -2.67734985   6.32173962  -2.73063259  -1.52826254]
 [  6.15256657   2.478682     7.18144031  -0.76404782 -11.33885718
  -12.02582112  -8.77195451   8.14502576  -1.28716953  -2.20708598]]