dHの結果

----------------------------------------------------------------------------------------
-----------------------------------f_H(t)の線形回帰--------------------------------------
----------------------------------------------------------------------------------------
------------------------------------------------------------------------------------------------------------------
A:H(t)の係数:
 [-0.10280675 -0.01900384 -1.0640578  -0.2409164  -0.55442332]
B:Enz(t)の係数:
 [-0.07503288 -0.01304328 -0.89262608 -0.25439021 -0.2968465 ]
C:T(t)の係数:
 [ -1.1250703   -0.21467077 -12.75212815  -3.70708767  -7.70798855]
D:y切片:
 [ 328.0856564    61.06533784 3847.73057284 1094.81508891 2286.72706302]
----------------------------------------------------------------------------------------
-----------------------------------f_H(t)の区分領域--------------------------------------
----------------------------------------------------------------------------------------
Number of label 0 : 840
Number of label 1 : 925
Number of label 2 : 320
Number of label 3 : 520
Number of label 4 : 395
Q:H(t)の係数 :
 [ 0.07264316 -0.11880306 -0.09235975 -0.21013151  0.02206956  0.02047818
  0.05606904  0.1741325   0.08299591 -0.10074457]
T:Enz(t)の係数) :
 [ 0.08162662 -0.0247667  -0.04874518 -0.1643359  -0.01855246 -0.12330535
 -0.0595362   0.15179147  0.02938379 -0.11320038]
R:T(t)の係数 :
 [ 1.14902717 -0.93113606 -1.03643109 -2.01372202 -0.3875179  -1.31042227
 -0.74833271  1.57561027  0.91628172 -1.10607559]
intercept_ID function(S):
 [-336.11696047  280.33474471  308.28579863  609.3326419   112.83704085
  383.89718463  217.84698594 -483.75776015 -277.27304113  337.39388709]
gmin:
 [ 24.4941931   37.2518247  -27.84293788   1.63325765 -15.28702432]
gmax:
 [ 67.17256275  62.29588216 245.49832866  96.47327228 153.82538279]
hmin:
 [ -8.65717136  -6.5978507  -10.27971023 -17.1206635   -3.20056881
 -15.61299624  -7.5641566  -29.16526147 -17.26848351  -7.60950382]
hmax:
 [17.39251969 14.97842177 13.30538893 30.66790753  5.36353966 13.36624483
  9.70552816  8.87035104  3.35005729 18.76837683]
----------------------------------------------------------------------------------------
----------------------------------------------------------------------------------------
----------------------------------------------------------------------------------------
error : non-linear - linear
----------------------------------------------------------------------------------------
----------------------------------------------------------------------------------------
----------------------------------------------------------------------------------------
0.6485645811611178
1.207794884081558
1.0570043041844137
0.14967013603580392
0.1035613918831455
0.17516860662966138
0.8260207930092918
0.9846129719560288
0.13622143341681126
0.10240727532466953
1.2124490381694386
0.29303491003775406
0.7724195961462286
0.09680061436094056
0.09902433041838843
0.10373299561595672
1.0691003853093832
0.6252634245644053
0.06946226418509971
0.09667825708230704
0.028749303511538926
0.7079397374644785
0.9622226497164625
0.1320618085546299
0.10205031212409144
0.6724260037935323
1.2248345518085202
1.062171572562013
0.15053278250206814
0.10378600590090903
0.2004642624156432
0.8446343212908403
0.989488717144198
0.13703208555016855
0.10266162967212289
1.1829493600898076
0.2698080838122152
0.7764408289528735
0.09745886077550692
0.09936585958028898
0.09115834448815008
1.0426742355361114
0.6286920527708055
0.07001481718667013
0.09708024200491872
0.05448856133504876
0.7270400539276096
0.967008228057967
0.13285637906837078
0.1023138650253601
0.35872618953014523
0.08513204179426026
0.30805539779715563
0.02463731786372092
0.07100561759989077
0.6215686945856262
0.2490946153602991
0.2779177203041092
0.018724724446544716
0.0655409087189317
1.3920122924201053
1.2287793439623087
0.18957820050980168
0.0013937385624265275
0.04952276138589462
1.9263151651857697
1.908191005462271
0.1283147162813858
0.010625305494498694
0.0384141712691316
0.7028647310761045
0.35246945768427196
0.2685962685521668
0.016895985178912998
0.06385069817819677
0.5622166396484545
1.3034209575539109
0.5332858629338473
0.06223828043150337
0.08079607476214401
0.23685889894326095
0.9005929971839137
0.4904412968551677
0.054059362347356865
0.07662768490312022
0.7168292736728858
0.28017577927514026
0.3648553623035813
0.030085328642974085
0.06440930614628926
1.3782123155771941
1.0990392899946784
0.2777614779510662
0.013459328873437926
0.05593585670928369
0.13622717366205706
0.7760000720066458
0.47718966007510755
0.05152965877873816
0.07533842016256576
0.31064751239643584
0.9664851072194764
0.9838272681554283
0.13745364040819608
0.10038048722147708
0.18305956724561412
0.5624225569284036
0.9155643847285457
0.12474126323126833
0.09880519858170367
0.6337780070231034
0.6219650478485335
0.7154723125011966
0.0874787603223306
0.09418771463633602
0.2818107789615425
1.4433382171230704
0.5767083986868684
0.061637203060188606
0.09098548809581586
0.3357610062834553
0.43744777849204297
0.8944509736351716
0.12080938060580992
0.09831796869962806