dEnzの結果

----------------------------------------------------------------------------------------
-----------------------------------f_Enz(t)の線形回帰--------------------------------------
----------------------------------------------------------------------------------------
------------------------------------------------------------------------------------------------------------------
A:H(t)の係数:
 [ 0.13269727  0.01619835  0.02322045  0.3872233  -0.09060637]
B:Enz(t)の係数:
 [ 0.02053655  0.01204005  0.04211448  0.39663007 -0.2807609 ]
C:T(t)の係数:
 [1.90545383 0.19150447 0.41481407 6.89491858 3.07335709]
D:y切片:
 [ -549.70770684   -54.44110012  -119.76911537 -2045.47431075
  -851.52482217]
----------------------------------------------------------------------------------------
-----------------------------------f_Enz(t)の区分領域--------------------------------------
----------------------------------------------------------------------------------------
Number of label 0 : 735
Number of label 1 : 570
Number of label 2 : 565
Number of label 3 : 825
Number of label 4 : 305
Q:H(t)の係数 :
 [ 0.09760416  0.10384821 -0.17141225 -0.21885381  0.01241944 -0.03658759
 -0.13936494 -0.1043193  -0.17073999  0.05280885]
T:Enz(t)の係数) :
 [ 0.12639949  0.05800941 -0.17144736 -0.29612729 -0.10601023 -0.00282248
 -0.01091229 -0.00797218 -0.20065254 -0.03887606]
R:T(t)の係数 :
 [ 1.57084236  1.20726075 -1.3323752  -1.03936411 -1.02419315 -0.30943017
 -0.58911003 -0.88571775 -1.1249749   0.73588291]
intercept_ID function(S):
 [-459.8515884  -354.62804675  410.19687503  335.41741443  295.20607001
   91.07062292  176.53935914  262.51124547  347.28520893 -215.4568751 ]
gmin:
 [-13.16552802   0.21191753  -0.90656242 -88.22913201 -25.29156244]
gmax:
 [28.10711595  4.60931348  8.67520157 65.29817787 43.40370965]
hmin:
 [-11.34766966 -11.10935855 -11.34855509 -11.76917877 -17.96269101
  -3.6667265   -8.65446818  -8.63210183 -14.74905993 -11.77353976]
hmax:
 [24.51069477 16.30846295 22.13896485 19.21856672  4.79493275  3.34018466
  6.24779333 11.41399789 15.1313022   4.78646835]
----------------------------------------------------------------------------------------
----------------------------------------------------------------------------------------
----------------------------------------------------------------------------------------
error : non-linear - linear
----------------------------------------------------------------------------------------
----------------------------------------------------------------------------------------
----------------------------------------------------------------------------------------
0.35760234676229175
0.013691647660658779
0.8198269000611282
0.5797334482762952
0.43250122888261444
1.1941730225241312
0.014750191021970616
0.86794909565802
3.119068511023233
0.29751942708313805
1.218011326398699
0.01694078536476784
1.0635889769089006
1.3721344651944882
0.018182385059063222
1.0833919783435935
0.014610015729818904
0.8615766190329786
1.3343172328945148
0.3153940973072693
0.9319815047449787
0.014418430540067084
0.8528670089103358
1.1768998722331965
0.3398243805220176
0.13855326928578116
0.008309224054362185
0.7462833906718558
0.3434978470111041
0.6300429347917742
0.9432765681169126
0.011120171053296879
0.7864920170925713
1.1802678733460912
0.5586363951117796
0.4635802595223275
0.01693726350205138
1.1803068268647507
0.5970102615003974
0.41086468581917046
0.8367128432533164
0.010747937537709418
0.7811674775778568
1.0694604306013868
0.568092250135507
0.6910664091598413
0.010239185762513148
0.773890140055153
0.9180138766505799
0.5810160810850604
0.9738565148770615
0.028834103498180386
0.2333027971932129
3.393524774742998
0.12324591712373945
1.2674712229491973
0.02496258251799721
0.3968250278359218
1.1304660008719054
0.43708499018787705
3.3404639515078465
0.016950693475783707
0.7352248388018694
3.5528034131578465
1.0865568239635905
1.5623312281337434
0.025475260226145213
0.375170953670775
1.430146615164432
0.39552553654449696
1.9653324217088688
0.026175964711896982
0.34557515369489566
1.8397363971887124
0.33872397265627896
0.3534139169252235
0.0037792806181471406
0.5811103901957466
0.18706893453474294
1.0737062377143296
0.3797826510143043
0.002967428615620271
0.6035457559146633
0.5756085592283338
1.1450847906632546
1.2308132226919888
0.016929353672392455
0.6499744493613693
1.1438583961009723
1.2927985830328907
0.2826906972329226
0.0020740103840803936
0.6005748016212267
0.47461265824826704
1.1356326417213367
0.14998984743142785
0.0008529271332382571
0.5965142369286416
0.33657607164604997
1.122713876074883
0.4774733813824952
0.006827641276736518
0.5394586813903874
0.32086206672377493
1.1855849021916463
0.23768627641848283
0.0009115499126839399
0.5574121603775595
0.423131498174131
1.2929696007139135
1.6580887684499466
0.0169273590490564
0.5945658481150882
1.5828535961990475
1.5151960315654485
0.14298282105908733
0.00011329557368133791
0.5550347101435231
0.32460977565745885
1.2787494166028246
0.013546461856485337
0.001514007596241429
0.5517853197035483
0.18995478322310078
1.2593139181665762